4.750000000000000000e+02 2.110000000000000000e+02 0.000000000000000000e+00
6.600000000000000000e+02 2.470000000000000000e+02 0.000000000000000000e+00
1.111000000000000000e+03 3.220000000000000000e+02 0.000000000000000000e+00
9.150000000000000000e+02 3.600000000000000000e+02 0.000000000000000000e+00
1.163000000000000000e+03 6.300000000000000000e+02 0.000000000000000000e+00
7.290000000000000000e+02 6.340000000000000000e+02 0.000000000000000000e+00
3.700000000000000000e+02 6.380000000000000000e+02 0.000000000000000000e+00
1.620000000000000000e+02 6.300000000000000000e+02 0.000000000000000000e+00
6.700000000000000000e+01 4.280000000000000000e+02 0.000000000000000000e+00
3.780000000000000000e+02 3.600000000000000000e+02 0.000000000000000000e+00
2.330000000000000000e+02 3.080000000000000000e+02 0.000000000000000000e+00
